1697033909.298630
1.000000 0.445771 0.407288 0.002081 0.001797 0.001748 0.001723 0.001713 0.001692 0.001687 0.001683 0.001679 0.001669 0.001665 0.001662 0.001658 0.001643 0.001631 0.001614 0.001601 0.001566 0.001549 0.001536 0.001527 0.001515 0.001508 0.001497 0.001484 0.001478 0.001473 0.001470 0.001468 0.001465 0.001461 0.001457 0.001453 0.001449 0.001445 0.001442 0.001438 0.001435 0.001432 0.001429 0.001426 0.001423 0.001420 0.001417 0.001414 0.001412 0.001409 0.001407 0.001404 0.001402 0.001399 0.001397 0.001395 0.001393 0.001391 0.001389 0.001387 0.001386 0.001384 0.001382 0.001381 0.001379 0.001377 0.001376 0.001374 0.001373 0.001371 0.001369 0.001368 0.001366 0.001365 0.001364 0.001362 0.001361 0.001360 0.001358 0.001357 0.001355 0.001354 0.001353 0.001351 0.001350 0.001348 0.001347 0.001345 0.001344 0.001342 0.001341 0.001339 0.001338 0.001336 0.001335 0.001333 0.001332 0.001331 0.001330 0.001329 
90.000000 90.010002 89.989998 90.019997 99.730003 87.419998 92.580002 65.540001 24.459999 114.459999 94.669998 85.330002 138.130005 48.130001 41.869999 131.869995 97.680000 96.610001 119.120003 29.120001 140.699997 87.120003 60.880001 50.700001 83.389999 150.880005 39.299999 10.050000 100.050003 79.949997 142.399994 129.300003 92.879997 101.709999 82.320000 63.759998 104.290001 52.400002 26.240000 69.809998 116.239998 11.710000 20.190001 37.599998 106.510002 110.190002 72.589996 16.510000 119.930000 73.489998 17.410000 78.290001 127.599998 114.019997 14.290000 29.930000 107.410004 60.070000 140.830002 68.430000 150.070007 50.830002 126.300003 109.389999 36.299999 53.700001 143.699997 116.160004 91.699997 85.199997 39.169998 24.020000 62.970001 124.070000 61.259998 68.419998 89.870003 148.300003 129.169998 34.070000 75.709999 28.740000 26.160000 58.299999 55.930000 21.570000 21.580000 118.739998 27.030001 119.260002 31.700001 19.389999 145.929993 63.840000 119.250000 121.699997 94.800003 111.580002 95.099998 87.779999 

1697034029.209420
1.000000 0.445811 0.407229 0.002354 0.001945 0.001784 0.001760 0.001749 0.001737 0.001729 0.001720 0.001711 0.001703 0.001693 0.001687 0.001677 0.001672 0.001659 0.001654 0.001650 0.001646 0.001642 0.001638 0.001634 0.001631 0.001629 0.001625 0.001622 0.001619 0.001617 0.001615 0.001612 0.001610 0.001608 0.001606 0.001604 0.001602 0.001599 0.001597 0.001594 0.001591 0.001589 0.001585 0.001582 0.001579 0.001576 0.001573 0.001569 0.001566 0.001562 0.001560 0.001557 0.001554 0.001552 0.001549 0.001547 0.001545 0.001542 0.001539 0.001537 0.001534 0.001532 0.001529 0.001527 0.001525 0.001522 0.001520 0.001518 0.001515 0.001513 0.001510 0.001507 0.001505 0.001502 0.001500 0.001498 0.001496 0.001493 0.001491 0.001488 0.001486 0.001484 0.001481 0.001479 0.001476 0.001474 0.001471 0.001468 0.001466 0.001465 0.001463 0.001461 0.001459 0.001456 0.001454 0.001452 0.001449 0.001448 0.001445 0.001443 
90.000000 90.010002 89.989998 99.730003 99.720001 97.680000 87.120003 92.879997 104.290001 114.019997 82.320000 14.290000 24.020000 65.980003 75.709999 123.919998 96.610001 33.919998 107.410004 90.019997 63.759998 17.410000 85.199997 56.080002 89.980003 72.589996 26.240000 139.550003 145.929993 119.260002 49.549999 83.389999 101.709999 55.930000 94.800003 40.450001 11.710000 68.419998 116.239998 146.080002 34.070000 130.449997 78.290001 129.169998 124.070000 39.169998 29.260000 21.580000 119.120003 102.610001 50.830002 29.120001 95.099998 134.929993 140.830002 80.269997 60.880001 12.610000 73.489998 111.580002 121.629997 87.779999 150.880005 92.220001 129.820007 72.599998 16.510000 39.820000 31.629999 77.389999 79.949997 50.180000 10.050000 84.900002 60.740002 100.050003 140.179993 145.500000 44.930000 106.510002 58.369999 114.010002 24.010000 65.989998 55.500000 148.369995 17.400000 109.389999 95.250000 110.199997 84.750000 45.070000 150.750000 60.750000 150.740005 29.250000 34.500000 119.250000 19.389999 144.649994 

1697034149.175794
1.000000 0.445692 0.407012 0.003081 0.002399 0.002126 0.002072 0.002049 0.002028 0.002003 0.001988 0.001972 0.001961 0.001943 0.001936 0.001927 0.001912 0.001903 0.001896 0.001890 0.001883 0.001874 0.001864 0.001858 0.001850 0.001840 0.001833 0.001828 0.001822 0.001818 0.001813 0.001808 0.001802 0.001798 0.001793 0.001789 0.001784 0.001780 0.001777 0.001773 0.001770 0.001768 0.001765 0.001763 0.001760 0.001758 0.001756 0.001754 0.001752 0.001750 0.001748 0.001745 0.001742 0.001740 0.001738 0.001736 0.001734 0.001731 0.001729 0.001726 0.001724 0.001722 0.001720 0.001718 0.001715 0.001713 0.001711 0.001709 0.001707 0.001704 0.001702 0.001700 0.001698 0.001696 0.001694 0.001693 0.001691 0.001689 0.001688 0.001686 0.001684 0.001683 0.001681 0.001680 0.001678 0.001676 0.001674 0.001673 0.001671 0.001669 0.001667 0.001665 0.001664 0.001662 0.001661 0.001659 0.001658 0.001656 0.001655 0.001653 
90.000000 90.010002 89.989998 99.730003 99.720001 97.680000 72.599998 126.879997 36.880001 90.019997 53.119999 17.400000 143.119995 80.269997 82.320000 112.360001 107.400002 22.360001 67.639999 69.639999 20.360001 110.360001 110.370003 20.370001 69.629997 67.650002 22.350000 80.279999 112.349998 115.260002 67.419998 25.260000 107.410004 22.580000 112.580002 64.739998 107.570000 17.410000 17.570000 92.879997 88.019997 90.160004 72.430000 91.980003 72.589996 34.860001 55.139999 145.139999 124.860001 120.089996 30.090000 77.690002 110.080002 59.910000 12.310000 72.440002 139.550003 149.910004 20.080000 102.309998 49.549999 87.120003 69.919998 40.450001 133.399994 43.400002 77.370003 130.449997 46.599998 136.600006 120.800003 12.630000 134.929993 142.270004 52.270000 37.730000 30.799999 102.629997 127.730003 87.129997 123.919998 79.370003 17.559999 117.220001 62.779999 27.219999 59.200001 107.489998 44.930000 149.199997 75.389999 17.490000 135.490005 149.229996 97.750000 33.919998 45.490002 45.070000 14.610000 82.250000 

1697034269.241825
1.000000 0.445055 0.406389 0.003477 0.002717 0.002430 0.002410 0.002399 0.002387 0.002373 0.002346 0.002337 0.002326 0.002313 0.002307 0.002296 0.002284 0.002274 0.002267 0.002252 0.002242 0.002235 0.002229 0.002224 0.002219 0.002214 0.002207 0.002199 0.002190 0.002182 0.002174 0.002166 0.002159 0.002152 0.002145 0.002136 0.002128 0.002120 0.002112 0.002103 0.002098 0.002096 0.002087 0.002081 0.002075 0.002070 0.002065 0.002060 0.002057 0.002054 0.002051 0.002046 0.002043 0.002040 0.002037 0.002032 0.002027 0.002023 0.002019 0.002015 0.002011 0.002007 0.002003 0.002001 0.001998 0.001995 0.001991 0.001987 0.001984 0.001981 0.001979 0.001976 0.001973 0.001970 0.001968 0.001966 0.001964 0.001961 0.001959 0.001956 0.001953 0.001949 0.001947 0.001944 0.001941 0.001939 0.001936 0.001933 0.001931 0.001928 0.001925 0.001923 0.001920 0.001918 0.001915 0.001913 0.001911 0.001908 0.001906 0.001904 
90.000000 90.010002 89.989998 99.730003 89.980003 135.490005 45.490002 44.509998 134.509995 99.720001 103.970001 80.269997 13.970000 76.029999 112.360001 149.229996 22.360001 59.230000 115.260002 110.089996 30.770000 67.639999 25.260000 120.769997 145.139999 55.139999 34.860001 124.860001 64.739998 84.489998 20.090000 76.040001 95.510002 13.960000 69.910004 103.959999 143.720001 97.680000 93.610001 86.389999 53.720001 126.879997 149.199997 72.599998 36.279999 82.320000 59.200001 36.880001 134.520004 30.799999 126.279999 120.800003 67.650002 17.400000 53.119999 44.520000 69.919998 20.080000 110.080002 22.350000 143.119995 69.639999 145.149994 55.150002 20.360001 126.290001 34.849998 124.849998 45.480000 107.400002 110.360001 112.349998 36.290001 53.709999 135.479996 143.710007 107.709999 64.750000 17.709999 25.250000 72.290001 79.370003 115.250000 95.519997 108.260002 10.630000 107.410004 143.130005 67.099998 22.900000 112.900002 53.130001 100.629997 17.410000 84.480003 139.029999 18.260000 36.869999 77.690002 126.870003 

1697034389.069078
1.000000 0.445175 0.406501 0.003349 0.002831 0.002439 0.002418 0.002397 0.002347 0.002331 0.002317 0.002304 0.002278 0.002262 0.002244 0.002237 0.002231 0.002223 0.002215 0.002209 0.002203 0.002196 0.002187 0.002179 0.002162 0.002154 0.002147 0.002140 0.002137 0.002134 0.002130 0.002123 0.002116 0.002108 0.002102 0.002098 0.002093 0.002090 0.002076 0.002072 0.002066 0.002059 0.002054 0.002049 0.002045 0.002041 0.002037 0.002034 0.002030 0.002025 0.002021 0.002017 0.002014 0.002011 0.002008 0.002003 0.001998 0.001993 0.001989 0.001986 0.001983 0.001980 0.001978 0.001975 0.001973 0.001969 0.001965 0.001962 0.001960 0.001956 0.001952 0.001949 0.001944 0.001941 0.001937 0.001934 0.001931 0.001929 0.001926 0.001923 0.001921 0.001918 0.001915 0.001913 0.001910 0.001908 0.001906 0.001903 0.001901 0.001899 0.001896 0.001893 0.001891 0.001888 0.001886 0.001884 0.001881 0.001879 0.001877 0.001874 
90.000000 90.010002 89.989998 99.730003 90.019997 103.970001 13.970000 76.029999 80.269997 100.360001 110.089996 10.360000 20.090000 69.910004 95.519997 79.639999 126.870003 36.869999 53.130001 143.130005 84.489998 84.480003 90.620003 81.550003 149.229996 130.979996 40.980000 49.020000 95.510002 139.020004 93.610001 59.230000 86.389999 98.449997 97.419998 30.770000 82.580002 89.379997 120.769997 134.259995 44.259998 45.490002 135.490005 44.509998 45.740002 134.509995 143.160004 135.740005 126.290001 36.290001 53.160000 53.709999 120.779999 91.910004 116.269997 26.270000 143.710007 88.089996 63.730000 117.779999 36.840000 149.199997 30.780001 130.899994 27.780001 76.650002 13.350000 115.650002 40.900002 103.349998 59.220001 59.200001 126.839996 25.650000 126.010002 49.099998 62.220001 64.349998 149.220001 147.809998 139.100006 36.009998 30.799999 112.900002 22.900000 85.940002 67.099998 76.040001 57.810001 53.990002 120.800003 13.960000 123.070000 33.070000 143.990005 32.189999 56.930000 136.020004 126.330002 146.929993 

