1697034011.021235
1.000000 0.427871 0.423985 0.003312 0.003144 0.003091 0.003066 0.003052 0.003038 0.003027 0.003018 0.003009 0.003001 0.002995 0.002988 0.002982 0.002976 0.002971 0.002966 0.002961 0.002956 0.002951 0.002946 0.002940 0.002934 0.002929 0.002925 0.002919 0.002913 0.002909 0.002905 0.002900 0.002895 0.002890 0.002887 0.002883 0.002879 0.002875 0.002872 0.002868 0.002865 0.002861 0.002858 0.002854 0.002851 0.002848 0.002845 0.002842 0.002839 0.002836 0.002833 0.002830 0.002828 0.002825 0.002822 0.002819 0.002816 0.002813 0.002810 0.002808 0.002805 0.002803 0.002800 0.002797 0.002795 0.002792 0.002789 0.002787 0.002784 0.002782 0.002779 0.002776 0.002774 0.002771 0.002769 0.002766 0.002764 0.002761 0.002759 0.002756 0.002753 0.002751 0.002748 0.002746 0.002744 0.002741 0.002739 0.002737 0.002734 0.002732 0.002730 0.002727 0.002725 0.002723 0.002720 0.002718 0.002716 0.002713 0.002711 0.002709 
90.000000 90.099998 89.900002 118.400002 28.400000 61.599998 81.199997 107.300003 92.300003 17.299999 70.400002 19.600000 72.699997 109.599998 116.099998 26.100000 63.900002 87.699997 101.099998 138.899994 48.900002 41.099998 131.100006 98.800003 11.100000 68.500000 134.300003 130.100006 44.299999 78.900002 123.199997 102.699997 40.099998 113.800003 45.700001 110.500000 139.899994 49.900002 135.699997 20.500000 23.799999 33.200001 12.700000 128.800003 133.399994 69.500000 21.500000 66.199997 138.000000 142.800003 75.000000 121.599998 43.400002 52.799999 56.799999 48.000000 37.200001 77.300003 127.199997 15.000000 120.699997 38.799999 30.700001 42.000000 59.299999 125.500000 105.000000 149.300003 46.599998 35.500000 54.500000 132.000000 146.800003 127.800003 144.500000 37.799999 52.200001 67.199997 142.199997 22.799999 112.800003 136.600006 31.600000 94.599998 51.200001 150.000000 111.500000 140.500000 78.300003 60.000000 30.000000 141.199997 11.700000 85.400002 58.400002 50.500000 120.000000 96.500000 147.699997 145.100006 

1697034131.016082
1.000000 0.427898 0.423993 0.003639 0.003483 0.003431 0.003403 0.003383 0.003367 0.003355 0.003342 0.003330 0.003321 0.003311 0.003304 0.003295 0.003287 0.003279 0.003272 0.003266 0.003259 0.003252 0.003246 0.003240 0.003235 0.003230 0.003225 0.003219 0.003214 0.003209 0.003203 0.003198 0.003193 0.003188 0.003184 0.003179 0.003174 0.003170 0.003166 0.003163 0.003159 0.003154 0.003150 0.003146 0.003142 0.003138 0.003135 0.003131 0.003127 0.003123 0.003120 0.003116 0.003112 0.003108 0.003104 0.003100 0.003094 0.003090 0.003086 0.003082 0.003079 0.003075 0.003071 0.003068 0.003064 0.003061 0.003057 0.003054 0.003051 0.003048 0.003044 0.003041 0.003038 0.003035 0.003032 0.003029 0.003026 0.003023 0.003020 0.003017 0.003014 0.003011 0.003007 0.003004 0.003002 0.002999 0.002996 0.002993 0.002990 0.002987 0.002985 0.002982 0.002979 0.002977 0.002974 0.002971 0.002969 0.002966 0.002963 0.002961 
90.000000 90.099998 89.900002 99.699997 147.399994 131.600006 144.500000 118.699997 57.400002 69.199997 28.700001 41.599998 97.900002 130.500000 95.000000 121.599998 146.300003 77.099998 143.399994 20.799999 66.300003 82.099998 74.199997 70.300003 40.500000 53.400002 36.599998 12.900000 86.099998 54.500000 81.099998 15.800000 126.599998 56.299999 65.300003 49.500000 135.500000 102.900002 105.800003 110.800003 45.500000 44.500000 61.299999 73.099998 134.500000 139.500000 78.199997 24.700001 11.800000 141.300003 92.900002 142.399994 33.700001 101.800003 62.400002 64.199997 106.800003 19.700001 65.199997 23.700001 27.600000 52.400002 32.599998 31.600000 114.699997 16.799999 48.400002 117.599998 99.000000 94.000000 111.900002 85.000000 73.199997 37.599998 91.099998 123.699997 25.799999 101.900002 136.600006 89.000000 119.800003 127.599998 86.000000 109.800003 148.500000 130.600006 81.000000 96.800003 87.099998 126.500000 127.699997 72.099998 60.299999 115.800003 93.900002 16.900000 147.300003 88.900002 46.599998 132.600006 

1697034251.018564
1.000000 0.427873 0.423953 0.003103 0.002941 0.002887 0.002860 0.002833 0.002818 0.002808 0.002798 0.002789 0.002780 0.002773 0.002766 0.002761 0.002753 0.002747 0.002742 0.002737 0.002731 0.002726 0.002719 0.002712 0.002707 0.002703 0.002698 0.002694 0.002690 0.002685 0.002681 0.002676 0.002672 0.002667 0.002663 0.002660 0.002656 0.002652 0.002648 0.002645 0.002641 0.002637 0.002633 0.002629 0.002626 0.002623 0.002619 0.002615 0.002612 0.002609 0.002606 0.002603 0.002600 0.002597 0.002594 0.002592 0.002589 0.002586 0.002584 0.002581 0.002579 0.002576 0.002574 0.002571 0.002568 0.002566 0.002564 0.002562 0.002559 0.002556 0.002553 0.002551 0.002549 0.002546 0.002544 0.002542 0.002539 0.002537 0.002535 0.002532 0.002529 0.002527 0.002525 0.002523 0.002521 0.002519 0.002517 0.002514 0.002512 0.002510 0.002508 0.002505 0.002503 0.002500 0.002497 0.002495 0.002492 0.002490 0.002488 0.002486 
90.000000 90.099998 89.900002 99.699997 73.500000 83.199997 142.000000 149.500000 116.900002 123.699997 148.100006 107.199997 132.300003 85.699997 88.199997 125.500000 138.399994 75.300003 133.399994 147.000000 115.800003 142.699997 81.400002 105.800003 109.000000 52.000000 77.800003 140.199997 33.700001 85.000000 77.099998 58.099998 115.099998 79.599998 70.300003 121.199997 71.699997 26.900000 82.099998 35.500000 48.400002 67.400002 42.299999 50.200001 118.699997 66.699997 60.599998 139.100006 69.199997 135.899994 96.099998 52.700001 25.100000 19.000000 92.500000 57.000000 31.200001 45.900002 69.900002 130.500000 59.500000 10.400000 20.799999 17.200001 95.400002 44.099998 29.400000 43.400002 39.799999 83.900002 134.100006 14.700000 76.000000 64.900002 101.099998 62.400002 110.800003 23.299999 58.799999 126.599998 27.600000 68.500000 12.900000 119.400002 93.599998 124.800003 12.200000 117.599998 129.100006 126.199997 129.800003 41.599998 71.000000 134.800003 28.700001 100.400002 25.799999 37.299999 54.500000 22.600000 

1697034371.018117
1.000000 0.427901 0.423986 0.003109 0.002976 0.002922 0.002892 0.002870 0.002855 0.002842 0.002830 0.002822 0.002814 0.002805 0.002797 0.002790 0.002784 0.002778 0.002770 0.002765 0.002759 0.002755 0.002750 0.002745 0.002738 0.002732 0.002727 0.002722 0.002718 0.002714 0.002710 0.002706 0.002702 0.002698 0.002694 0.002691 0.002687 0.002683 0.002679 0.002675 0.002671 0.002668 0.002665 0.002662 0.002659 0.002657 0.002655 0.002652 0.002650 0.002647 0.002644 0.002641 0.002638 0.002636 0.002633 0.002630 0.002628 0.002625 0.002623 0.002620 0.002618 0.002616 0.002613 0.002611 0.002609 0.002606 0.002604 0.002601 0.002599 0.002597 0.002594 0.002592 0.002590 0.002588 0.002586 0.002583 0.002581 0.002579 0.002577 0.002575 0.002572 0.002570 0.002568 0.002566 0.002564 0.002562 0.002559 0.002557 0.002555 0.002553 0.002550 0.002548 0.002546 0.002543 0.002541 0.002539 0.002537 0.002535 0.002533 0.002531 
90.000000 90.099998 89.900002 99.699997 146.899994 129.899994 146.800003 148.500000 146.699997 129.800003 124.500000 137.000000 123.900002 146.600006 149.600006 123.800003 91.300003 106.699997 141.500000 112.000000 99.599998 142.199997 141.399994 116.900002 115.800003 141.199997 133.500000 136.899994 130.000000 147.000000 133.600006 137.100006 126.400002 102.400002 139.600006 126.599998 144.399994 140.899994 109.699997 100.599998 70.500000 90.900002 120.900002 143.899994 113.000000 102.199997 144.000000 131.600006 89.800003 102.300003 124.599998 146.500000 120.599998 121.300003 143.800003 141.300003 96.099998 106.800003 142.300003 141.600006 70.599998 86.400002 134.300003 106.099998 120.699997 97.099998 144.300003 144.199997 136.100006 136.000000 83.500000 137.199997 122.500000 75.599998 140.699997 144.699997 126.300003 77.000000 77.099998 98.800003 139.800003 119.300003 120.099998 100.000000 98.199997 87.000000 97.900002 91.199997 109.199997 56.900002 134.699997 120.800003 103.400002 129.699997 109.900002 143.100006 148.199997 100.099998 86.500000 83.599998 

